0 0 0
1 121 8192
2 519 16384
3 529 24576
4 560 32768
5 624 40960
6 226 32768
7 493 40960
8 730 49152
9 881 57344
10 1251 65536
11 1966 73728
12 1979 81920
13 3050 90112
14 3433 98304
15 3732 106496
16 3744 114688
17 3764 122880
18 7686 131072
19 7785 139264
20 10857 147456
21 11046 155648
22 13687 163840
23 16165 172032
24 16188 180224
25 16249 188416
26 16953 196608
27 17450 204800
28 17559 212992
29 17743 221184
30 17760 229376
31 17813 237568
32 20146 245760
33 20216 253952
34 23632 262144
35 23648 270336
36 23664 278528
37 23830 286720
38 25305 294912
39 25542 303104
40 25847 311296
41 26441 319488
42 26535 327680
43 26585 335872
44 26738 344064
45 26746 352256
46 27003 360448
47 27121 368640
48 27177 376832
49 27243 385024
50 27281 393216
51 27243 385024
52 27656 393216
53 27742 401408
54 28321 409600
55 28340 417792
56 29335 425984
57 29422 434176
58 29460 442368
59 29487 450560
60 29783 458752
61 30079 466944
62 34050 475136
63 34353 483328
64 34427 491520
65 34567 499712
66 34635 507904
67 34138 499712
68 34193 507904
69 34464 516096
70 34490 524288
71 34580 532480
72 34568 524288
73 35133 532480
74 35171 540672
75 35293 548864
76 37888 557056
77 37972 565248
78 38090 573440
79 38158 581632
80 38072 573440
81 38583 581632
82 38597 589824
83 38729 598016
84 38751 606208
85 39362 614400
86 39374 622592
87 39336 614400
88 40053 622592
89 40310 630784
90 40471 638976
91 40632 647168
92 40333 638976
93 40548 647168
94 40849 655360
95 40904 663552
96 41072 671744
97 41719 679936
98 43897 688128
99 43960 696320
100 46417 704512
101 46436 712704
102 46943 720896
103 48902 729088
104 48930 737280
105 49060 745472
106 49959 753664
107 51143 761856
108 52227 770048
109 52240 778240
110 52202 770048
111 52217 778240
112 52282 786432
113 52496 794624
114 53164 802816
115 53468 811008
116 53536 819200
117 53600 827392
118 53612 835584
119 53682 843776
120 53813 851968
121 53830 860160
122 55002 868352
123 55093 876544
124 51677 868352
125 51686 876544
126 51716 884736
127 52753 892928
128 54841 901120
129 55889 909312
130 55937 917504
131 57147 925696
132 57548 933888
133 57940 942080
134 57955 950272
135 58010 958464
136 57982 950272
137 58032 958464
138 58369 966656
139 58407 974848
140 58801 983040
141 58879 991232
142 59281 999424
143 62012 1007616
144 61859 999424
145 62731 1007616
146 62637 999424
147 62647 1007616
148 64159 1015808
149 64760 1024000
150 64822 1032192
151 64954 1040384
152 65226 1048576
153 65148 1040384
154 66148 1048576
155 66208 1056768
156 66335 1064960
157 67624 1073152
158 67639 1081344
159 67074 1073152
160 67703 1081344
161 68088 1089536
162 68547 1097728
163 68675 1105920
164 68804 1114112
165 68851 1122304
166 69778 1130496
167 69923 1138688
168 69868 1130496
169 69858 1122304
170 69911 1130496
171 69990 1138688
172 70077 1146880
173 70415 1155072
174 70426 1163264
175 70456 1171456
176 70789 1179648
177 70968 1187840
178 71204 1196032
179 71223 1204224
180 71264 1212416
181 71284 1220608
182 71349 1228800
183 73174 1236992
184 73589 1245184
185 73739 1253376
186 73760 1261568
187 73770 1269760
188 74791 1277952
189 75010 1286144
190 75018 1294336
191 75646 1302528
192 75660 1310720
193 75719 1318912
194 76630 1327104
195 76655 1335296
196 77801 1343488
197 77821 1351680
198 78906 1359872
199 78942 1368064
200 79616 1376256
201 80174 1384448
202 80194 1392640
203 80914 1400832
204 84182 1409024
205 84215 1417216
206 83043 1409024
207 83600 1417216
208 83777 1425408
209 83844 1433600
210 84803 1441792
211 84820 1449984
212 85404 1458176
213 85446 1466368
214 85386 1458176
215 85561 1466368
216 85680 1474560
217 85690 1482752
218 85591 1474560
219 85814 1482752
220 88512 1490944
221 88648 1499136
222 88391 1490944
223 88738 1499136
224 88757 1507328
225 87798 1499136
226 87730 1490944
227 88013 1499136
228 89185 1507328
229 92203 1515520
230 92960 1523712
231 93908 1531904
232 95761 1540096
233 95816 1548288
234 96688 1556480
235 96866 1564672
236 99358 1572864
237 100416 1581056
238 100891 1589248
239 102453 1597440
240 102538 1605632
241 102191 1597440
242 102279 1605632
243 102218 1597440
244 101982 1589248
245 101083 1581056
246 101188 1589248
247 101216 1597440
248 101236 1605632
249 102102 1613824
250 102089 1605632
251 103525 1613824
252 103534 1622016
253 103837 1630208
254 106218 1638400
255 109521 1646592
256 109622 1654784
257 108975 1646592
258 109552 1654784
259 110618 1662976
260 107546 1654784
261 107557 1662976
262 108842 1671168
263 111270 1679360
264 112024 1687552
265 111971 1679360
266 111670 1671168
267 111691 1679360
268 111514 1671168
269 111566 1679360
270 111579 1687552
271 111365 1679360
272 111765 1687552
273 111946 1695744
274 112359 1703936
275 112369 1712128
276 113244 1720320
277 113293 1728512
278 113858 1736704
279 114627 1744896
280 114640 1753088
281 114660 1761280
282 114694 1769472
283 114730 1777664
284 115753 1785856
285 115832 1794048
286 115919 1802240
287 115927 1810432
288 118797 1818624
289 119513 1826816
290 119522 1835008
291 119539 1843200
292 118254 1835008
293 115826 1826816
294 115109 1818624
295 115355 1826816
296 116420 1835008
297 118460 1843200
298 119155 1851392
299 119085 1843200
300 119127 1851392
301 119158 1859584
302 119527 1867776
303 119437 1859584
304 121217 1867776
305 122225 1875968
306 122235 1884160
307 122269 1892352
308 122298 1900544
309 123244 1908736
310 123165 1900544
311 126166 1908736
312 122863 1900544
313 125211 1908736
314 125448 1916928
315 125435 1908736
316 125580 1916928
317 125803 1925120
318 129177 1933312
319 128764 1925120
320 126984 1916928
321 130474 1925120
322 130890 1933312
323 132898 1941504
324 133115 1949696
325 133448 1957888
326 134055 1966080
327 134078 1974272
328 134089 1982464
329 134121 1990656
330 135882 1998848
331 135814 1990656
332 137187 1998848
333 137204 2007040
334 137297 2015232
335 137421 2023424
336 140148 2031616
337 140809 2039808
338 140871 2048000
339 139806 2039808
340 139836 2048000
341 140807 2056192
342 141556 2064384
343 139223 2056192
344 139745 2064384
345 139770 2072576
346 139867 2080768
347 136599 2072576
348 136262 2064384
349 137788 2072576
350 138057 2080768
351 138015 2072576
352 135927 2064384
353 135942 2072576
354 138562 2080768
355 138660 2088960
356 136065 2080768
357 136129 2088960
358 136220 2097152
359 138216 2105344
360 138246 2113536
361 138701 2121728
362 138757 2129920
363 138771 2138112
364 138466 2129920
365 138518 2138112
366 139758 2146304
367 137138 2138112
368 140643 2146304
369 140701 2154496
370 140861 2162688
371 141599 2170880
372 141590 2162688
373 141629 2170880
374 141666 2179072
375 142144 2187264
376 141073 2179072
377 141217 2187264
378 140623 2179072
379 140327 2170880
380 140491 2179072
381 140412 2170880
382 141148 2179072
383 139938 2170880
384 139525 2162688
385 139577 2170880
386 141347 2179072
387 141324 2170880
388 140941 2162688
389 140069 2154496
390 140019 2146304
391 140032 2154496
392 140044 2162688
393 139985 2154496
394 140226 2162688
395 140808 2170880
396 144257 2179072
397 144280 2187264
398 144225 2179072
399 144205 2170880
400 141187 2162688
401 141171 2154496
402 140606 2146304
403 141105 2154496
404 140159 2146304
405 140280 2154496
406 140290 2162688
407 140602 2170880
408 140438 2162688
409 140446 2170880
410 140295 2162688
411 140311 2170880
412 140294 2162688
413 140149 2154496
414 141498 2162688
415 141625 2170880
416 142952 2179072
417 143147 2187264
418 143091 2179072
419 143035 2170880
420 143063 2179072
421 143083 2187264
422 146249 2195456
423 146284 2203648
424 146292 2211840
425 146304 2220032
426 146377 2228224
427 146140 2220032
428 146180 2228224
429 146430 2236416
430 146449 2244608
431 146116 2236416
432 145121 2228224
433 145082 2220032
434 144907 2211840
435 145357 2220032
436 145134 2211840
437 145122 2203648
438 145168 2211840
439 145455 2220032
440 145468 2228224
441 148271 2236416
442 148393 2244608
443 148710 2252800
444 148747 2260992
445 148683 2252800
446 148618 2244608
447 149007 2252800
448 149717 2260992
449 149801 2269184
450 147453 2260992
451 147470 2269184
452 149906 2277376
453 149886 2269184
454 149919 2277376
455 149909 2269184
456 149951 2277376
457 149024 2269184
458 149074 2277376
459 148990 2269184
460 149000 2277376
461 149768 2285568
462 149721 2277376
463 151402 2285568
464 151648 2293760
465 151692 2301952
466 151661 2293760
467 149808 2285568
468 151274 2293760
469 151822 2301952
470 151844 2310144
471 151885 2318336
472 151992 2326528
473 152085 2334720
474 151868 2326528
475 151897 2334720
476 151952 2342912
477 152012 2351104
478 152023 2359296
479 152219 2367488
480 151982 2359296
481 151889 2351104
482 152250 2359296
483 153140 2367488
484 152871 2359296
485 156750 2367488
486 156708 2359296
487 157317 2367488
488 154839 2359296
489 155461 2367488
490 155398 2359296
491 155603 2367488
492 155712 2375680
493 156212 2383872
494 156220 2392064
495 156662 2400256
496 156553 2392064
497 157278 2400256
498 157154 2392064
499 156117 2383872
500 156418 2392064
501 156744 2400256
502 156911 2408448
503 156898 2400256
504 156923 2408448
505 156316 2400256
506 158170 2408448
507 157866 2400256
508 157238 2392064
509 157120 2383872
510 160115 2392064
511 160139 2400256
512 160222 2408448
513 162187 2416640
514 159317 2408448
515 162077 2416640
516 162095 2424832
517 162103 2433024
518 161546 2424832
519 161437 2416640
520 162929 2424832
521 161745 2416640
522 159975 2408448
523 163671 2416640
524 166113 2424832
525 166121 2433024
526 165989 2424832
527 166527 2433024
528 169388 2441216
529 168938 2433024
530 168958 2441216
531 168890 2433024
532 168900 2441216
533 169042 2449408
534 169083 2457600
535 169246 2465792
536 172918 2473984
537 172896 2465792
538 172926 2473984
539 173380 2482176
540 173433 2490368
541 174110 2498560
542 171383 2490368
543 171349 2482176
544 171371 2490368
545 171405 2498560
546 171446 2506752
547 171500 2514944
548 173905 2523136
549 173682 2514944
550 173493 2506752
551 173474 2498560
552 174734 2506752
553 178313 2514944
554 178347 2523136
555 178413 2531328
556 181001 2539520
557 180501 2531328
558 180700 2539520
559 180689 2531328
560 180674 2523136
561 177184 2514944
562 177017 2506752
563 177029 2514944
564 177055 2523136
565 177378 2531328
566 176370 2523136
567 176328 2514944
568 175039 2506752
569 175052 2514944
570 175109 2523136
571 178836 2531328
572 178850 2539520
573 178858 2547712
574 177509 2539520
575 178138 2547712
576 178224 2555904
577 178256 2564096
578 178277 2572288
579 178536 2580480
580 178580 2588672
581 178556 2580480
582 178543 2572288
583 180827 2580480
584 177131 2572288
585 177355 2580480
586 177559 2588672
587 177568 2596864
588 177558 2588672
589 179703 2596864
590 179641 2588672
591 181525 2596864
592 184453 2605056
593 184472 2613248
594 184701 2621440
595 186266 2629632
596 186358 2637824
597 185969 2629632
598 186206 2637824
599 187697 2646016
600 187780 2654208
601 188297 2662400
602 187602 2654208
603 187792 2662400
604 188972 2670592
605 189230 2678784
606 188476 2670592
607 188518 2678784
608 188731 2686976
609 188512 2678784
610 187428 2670592
611 187534 2678784
612 187815 2686976
613 187870 2695168
614 187641 2686976
615 190319 2695168
616 188435 2686976
617 186674 2678784
618 186387 2670592
619 186327 2662400
620 186392 2670592
621 186524 2678784
622 187337 2686976
623 187244 2678784
624 187254 2686976
625 187298 2695168
626 187286 2686976
627 189936 2695168
628 190864 2703360
629 190875 2711552
630 190941 2719744
631 189116 2711552
632 189106 2703360
633 189222 2711552
634 186221 2703360
635 186452 2711552
636 185429 2703360
637 185500 2711552
638 185709 2719744
639 185692 2711552
640 185848 2719744
641 185682 2711552
642 185615 2703360
643 185655 2711552
644 187155 2719744
645 187111 2711552
646 186045 2703360
647 186140 2711552
648 188456 2719744
649 189031 2727936
650 185109 2719744
651 185068 2711552
652 185151 2719744
653 185636 2727936
654 185980 2736128
655 189189 2744320
656 189232 2752512
657 189213 2744320
658 189071 2736128
659 189051 2727936
660 188476 2719744
661 188448 2711552
662 188659 2719744
663 188671 2727936
664 188447 2719744
665 186131 2711552
666 186009 2703360
667 186869 2711552
668 183874 2703360
669 184970 2711552
670 185125 2719744
671 184929 2711552
672 184799 2703360
673 184853 2711552
674 184862 2719744
675 184735 2711552
676 182451 2703360
677 182436 2695168
678 184930 2703360
679 185060 2711552
680 185631 2719744
681 186657 2727936
682 186637 2719744
683 187481 2727936
684 187631 2736128
685 188959 2744320
686 189195 2752512
687 189040 2744320
688 188456 2736128
689 187740 2727936
690 188779 2736128
691 188752 2727936
692 188687 2719744
693 188697 2727936
694 189662 2736128
695 189754 2744320
696 187789 2736128
697 185935 2727936
698 185947 2736128
699 185961 2744320
700 188910 2752512
701 188288 2744320
702 190382 2752512
703 189897 2744320
704 192572 2752512
705 192653 2760704
706 190613 2752512
707 190096 2744320
708 190086 2736128
709 190277 2744320
710 190296 2752512
711 190226 2744320
712 190561 2752512
713 192978 2760704
714 195093 2768896
715 195047 2760704
716 195581 2768896
717 195526 2760704
718 195421 2752512
719 195431 2760704
720 197556 2768896
721 197797 2777088
722 197822 2785280
723 197499 2777088
724 197216 2768896
725 194628 2760704
726 197089 2768896
727 196817 2760704
728 196240 2752512
729 193779 2744320
730 193907 2752512
731 193943 2760704
732 193432 2752512
733 192977 2744320
734 192049 2736128
735 192156 2744320
736 192136 2736128
737 192314 2744320
738 194539 2752512
739 194569 2760704
740 194589 2768896
741 194523 2760704
742 194636 2768896
743 194676 2777088
744 194284 2768896
745 194123 2760704
746 194569 2768896
747 196568 2777088
748 196556 2768896
749 196595 2777088
750 194914 2768896
751 195510 2777088
752 195969 2785280
753 195698 2777088
754 195690 2768896
755 195940 2777088
756 196130 2785280
757 196144 2793472
758 196684 2801664
759 196695 2809856
760 196588 2801664
761 197526 2809856
762 197713 2818048
763 197808 2826240
764 197831 2834432
765 197718 2826240
766 197531 2818048
767 197502 2809856
768 197532 2818048
769 199901 2826240
770 202388 2834432
771 202404 2842624
772 202668 2850816
773 202692 2859008
774 202717 2867200
775 202736 2875392
776 202697 2867200
777 202716 2875392
778 202734 2883584
779 202816 2891776
780 205364 2899968
781 204104 2891776
782 203104 2883584
783 203073 2875392
784 202673 2867200
785 202711 2875392
786 202754 2883584
787 206570 2891776
788 206267 2883584
789 206279 2891776
790 206270 2883584
791 205661 2875392
792 204690 2867200
793 205133 2875392
794 205093 2867200
795 205067 2859008
796 208332 2867200
797 208320 2859008
798 208180 2850816
799 206852 2842624
800 206585 2834432
801 209836 2842624
802 209813 2834432
803 210219 2842624
804 209590 2834432
805 209881 2842624
806 209919 2850816
807 211466 2859008
808 211452 2850816
809 207947 2842624
810 208557 2850816
811 212053 2859008
812 212374 2867200
813 212631 2875392
814 211921 2867200
815 211961 2875392
816 211984 2883584
817 212554 2891776
818 215273 2899968
819 215290 2908160
820 215593 2916352
821 215701 2924544
822 218147 2932736
823 214882 2924544
824 214907 2932736
825 214854 2924544
826 214883 2932736
827 214791 2924544
828 214209 2916352
829 216642 2924544
830 216084 2916352
831 216167 2924544
832 217174 2932736
833 217294 2940928
834 217336 2949120
835 217322 2940928
836 216920 2932736
837 216932 2940928
838 216956 2949120
839 216837 2940928
840 216846 2949120
841 216609 2940928
842 214384 2932736
843 214456 2940928
844 214348 2932736
845 213906 2924544
846 213842 2916352
847 214648 2924544
848 214663 2932736
849 214556 2924544
850 214473 2916352
851 214402 2908160
852 214504 2916352
853 213358 2908160
854 213301 2899968
855 214085 2908160
856 215472 2916352
857 215512 2924544
858 215560 2932736
859 215905 2940928
860 215721 2932736
861 218227 2940928
862 217289 2932736
863 220830 2940928
864 221456 2949120
865 221447 2940928
866 221433 2932736
867 225005 2940928
868 226610 2949120
869 226523 2940928
870 226490 2932736
871 227242 2940928
872 227276 2949120
873 227759 2957312
874 228991 2965504
875 229022 2973696
876 228866 2965504
877 228855 2957312
878 228797 2949120
879 229609 2957312
880 229628 2965504
881 229585 2957312
882 230102 2965504
883 229501 2957312
884 228462 2949120
885 228407 2940928
886 228571 2949120
887 228529 2940928
888 228819 2949120
889 226641 2940928
890 226717 2949120
891 226726 2957312
892 230275 2965504
893 229649 2957312
894 232111 2965504
895 232095 2957312
896 232011 2949120
897 232249 2957312
898 232296 2965504
899 232331 2973696
900 232461 2981888
901 232475 2990080
902 232483 2998272
903 230114 2990080
904 230126 2998272
905 229756 2990080
906 229628 2981888
907 230534 2990080
908 230916 2998272
909 230658 2990080
910 228017 2981888
911 228093 2990080
912 229745 2998272
913 229754 3006464
914 229898 3014656
915 229918 3022848
916 229902 3014656
917 226736 3006464
918 226926 3014656
919 227521 3022848
920 227481 3014656
921 228497 3022848
922 231673 3031040
923 230433 3022848
924 230017 3014656
925 230273 3022848
926 231277 3031040
927 229950 3022848
928 227942 3014656
929 228440 3022848
930 228296 3014656
931 225087 3006464
932 224992 2998272
933 228707 3006464
934 228610 2998272
935 228591 2990080
936 225860 2981888
937 225475 2973696
938 225384 2965504
939 227476 2973696
940 227075 2965504
941 227084 2973696
942 225912 2965504
943 226259 2973696
944 226129 2965504
945 225924 2957312
946 226127 2965504
947 226117 2957312
948 227398 2965504
949 227208 2957312
950 227200 2949120
951 227523 2957312
952 227534 2965504
953 227432 2957312
954 227195 2949120
955 227292 2957312
956 226971 2949120
957 226187 2940928
958 227113 2949120
959 226918 2940928
960 226308 2932736
961 226272 2924544
962 226255 2916352
963 226645 2924544
964 230467 2932736
965 229446 2924544
966 229381 2916352
967 228810 2908160
968 228887 2916352
969 229348 2924544
970 227848 2916352
971 227833 2908160
972 228617 2916352
973 228759 2924544
974 228424 2916352
975 228411 2908160
976 228208 2899968
977 225032 2891776
978 225002 2883584
979 225125 2891776
980 224457 2883584
981 224966 2891776
982 224560 2883584
983 222073 2875392
984 222747 2883584
985 223662 2891776
986 222787 2883584
987 222773 2875392
988 222653 2867200
989 223261 2875392
990 223098 2867200
991 223106 2875392
992 220387 2867200
993 219662 2859008
994 219512 2850816
995 219029 2842624
996 218956 2834432
997 219083 2842624
998 219092 2850816
999 219388 2859008
1000 220454 2867200
1001 220432 2859008
1002 223119 2867200
1003 225042 2875392
1004 225244 2883584
1005 225275 2891776
1006 225254 2883584
1007 225224 2875392
1008 226822 2883584
1009 229843 2891776
1010 229757 2883584
1011 229375 2875392
1012 229385 2883584
1013 229872 2891776
1014 230424 2899968
1015 229917 2891776
1016 229897 2883584
1017 229867 2875392
1018 230135 2883584
1019 230124 2875392
1020 231892 2883584
1021 231904 2891776
1022 231740 2883584
1023 231729 2875392
1024 232674 2883584
1025 230678 2875392
1026 229026 2867200
1027 229192 2875392
1028 229184 2867200
1029 229202 2875392
1030 228154 2867200
1031 228142 2859008
1032 227892 2850816
1033 227867 2842624
1034 227784 2834432
1035 226258 2826240
1036 226131 2818048
1037 225885 2809856
1038 225797 2801664
1039 225766 2793472
1040 225829 2801664
1041 225806 2793472
1042 225784 2785280
1043 227199 2793472
1044 227246 2801664
1045 226694 2793472
1046 226504 2785280
1047 227329 2793472
1048 227597 2801664
1049 227356 2793472
1050 227420 2801664
1051 225928 2793472
1052 226155 2801664
1053 225810 2793472
1054 225719 2785280
1055 226491 2793472
1056 226437 2785280
1057 225939 2777088
1058 225949 2785280
1059 225926 2777088
1060 225972 2785280
1061 226161 2793472
1062 226285 2801664
1063 226343 2809856
1064 226764 2818048
1065 226785 2826240
1066 226832 2834432
1067 225966 2826240
1068 225619 2818048
1069 225495 2809856
1070 225463 2801664
1071 225553 2809856
1072 225285 2801664
1073 225557 2809856
1074 225609 2818048
1075 227208 2826240
1076 227378 2834432
1077 225286 2826240
1078 225978 2834432
1079 226183 2842624
1080 226119 2834432
1081 228043 2842624
1082 227351 2834432
1083 225915 2826240
1084 225931 2834432
1085 225986 2842624
1086 226019 2850816
1087 225565 2842624
1088 225640 2850816
1089 225605 2842624
1090 221789 2834432
1091 221828 2842624
1092 223105 2850816
1093 222848 2842624
1094 222310 2834432
1095 223026 2842624
1096 222277 2834432
1097 222252 2826240
1098 222291 2834432
1099 220693 2826240
1100 220670 2818048
1101 220347 2809856
1102 221335 2818048
1103 221023 2809856
1104 220133 2801664
1105 219634 2793472
1106 218072 2785280
1107 219530 2793472
1108 219464 2785280
1109 219444 2777088
1110 219483 2785280
1111 219457 2777088
1112 218431 2768896
1113 218605 2777088
1114 218620 2785280
1115 217959 2777088
1116 216779 2768896
1117 220244 2777088
1118 220121 2768896
1119 220000 2760704
1120 220654 2768896
1121 220630 2760704
1122 220655 2768896
1123 218274 2760704
1124 220375 2768896
1125 220164 2760704
1126 220152 2752512
1127 220020 2744320
1128 220009 2736128
1129 220025 2744320
1130 220149 2752512
1131 220129 2744320
1132 220168 2752512
1133 220002 2744320
1134 217597 2736128
1135 217562 2727936
1136 218198 2736128
1137 218187 2727936
1138 217222 2719744
1139 219282 2727936
1140 221217 2736128
1141 221205 2727936
1142 221227 2736128
1143 221526 2744320
1144 224843 2752512
1145 224949 2760704
1146 224913 2752512
1147 224866 2744320
1148 224842 2736128
1149 224808 2727936
1150 221093 2719744
1151 221117 2727936
1152 220129 2719744
1153 220343 2727936
1154 220374 2736128
1155 220459 2744320
1156 220255 2736128
1157 223397 2744320
1158 224055 2752512
1159 223979 2744320
1160 224677 2752512
1161 221228 2744320
1162 221713 2752512
1163 221729 2760704
1164 221719 2752512
1165 221703 2744320
1166 221194 2736128
1167 220926 2727936
1168 220802 2719744
1169 218356 2711552
1170 218178 2703360
1171 218725 2711552
1172 216802 2703360
1173 216898 2711552
1174 216889 2703360
1175 218626 2711552
1176 217952 2703360
1177 217753 2695168
1178 217812 2703360
1179 214263 2695168
1180 213438 2686976
1181 213394 2678784
1182 213469 2686976
1183 212922 2678784
1184 213666 2686976
1185 213568 2678784
1186 212932 2670592
1187 213793 2678784
1188 213774 2670592
1189 212678 2662400
1190 213276 2670592
1191 213040 2662400
1192 213242 2670592
1193 213227 2662400
1194 212693 2654208
1195 212724 2662400
1196 212699 2654208
1197 212182 2646016
1198 212162 2637824
1199 212075 2629632
1200 211861 2621440
1201 209746 2613248
1202 209727 2605056
1203 210484 2613248
1204 208424 2605056
1205 208128 2596864
1206 208047 2588672
1207 208055 2596864
1208 208024 2588672
1209 208016 2580480
1210 208751 2588672
1211 208795 2596864
1212 208781 2588672
1213 208737 2580480
1214 208699 2572288
1215 208791 2580480
1216 206329 2572288
1217 206102 2564096
1218 205345 2555904
1219 205440 2564096
1220 205227 2555904
1221 204812 2547712
1222 206170 2555904
1223 206140 2547712
1224 206175 2555904
1225 206246 2564096
1226 206363 2572288
1227 206338 2564096
1228 202367 2555904
1229 204429 2564096
1230 203344 2555904
1231 203307 2547712
1232 203201 2539520
1233 202432 2531328
1234 202659 2539520
1235 202200 2531328
1236 199058 2523136
1237 195517 2514944
1238 197938 2523136
1239 197811 2514944
1240 197641 2506752
1241 196042 2498560
1242 194655 2490368
1243 197481 2498560
1244 198382 2506752
1245 198305 2498560
1246 198383 2506752
1247 198223 2498560
1248 196711 2490368
1249 197468 2498560
1250 197428 2490368
1251 197437 2498560
1252 198253 2506752
1253 197517 2498560
1254 197200 2490368
1255 196936 2482176
1256 196911 2473984
1257 196639 2465792
1258 196680 2473984
1259 198232 2482176
1260 197994 2473984
1261 196059 2465792
1262 197300 2473984
1263 197091 2465792
1264 194649 2457600
1265 195132 2465792
1266 194478 2457600
1267 193246 2449408
1268 195314 2457600
1269 195304 2449408
1270 195489 2457600
1271 195703 2465792
1272 195691 2457600
1273 195353 2449408
1274 193995 2441216
1275 194183 2449408
1276 194815 2457600
1277 194763 2449408
1278 194776 2457600
1279 195270 2465792
1280 195328 2473984
1281 195355 2482176
1282 195374 2490368
1283 195331 2482176
1284 195195 2473984
1285 195682 2482176
1286 195587 2473984
1287 195495 2465792
1288 195485 2457600
1289 195468 2449408
1290 195460 2441216
1291 195447 2433024
1292 195408 2424832
1293 195430 2433024
1294 195491 2441216
1295 192240 2433024
1296 190146 2424832
1297 190118 2416640
1298 189861 2408448
1299 189879 2416640
1300 189783 2408448
1301 186834 2400256
1302 185974 2392064
1303 185958 2383872
1304 185281 2375680
1305 188841 2383872
1306 188084 2375680
1307 187312 2367488
1308 186790 2359296
1309 186905 2367488
1310 186484 2359296
1311 186467 2351104
1312 186629 2359296
1313 186398 2351104
1314 186248 2342912
1315 186223 2334720
1316 185379 2326528
1317 185361 2318336
1318 185386 2326528
1319 185463 2334720
1320 185616 2342912
1321 185568 2334720
1322 185504 2326528
1323 186470 2334720
1324 186430 2326528
1325 186285 2318336
1326 186324 2326528
1327 186278 2318336
1328 184787 2310144
1329 182642 2301952
1330 182588 2293760
1331 182198 2285568
1332 184149 2293760
1333 183553 2285568
1334 183375 2277376
1335 182892 2269184
1336 182903 2277376
1337 184788 2285568
1338 184749 2277376
1339 184719 2269184
1340 184706 2260992
1341 184768 2269184
1342 184835 2277376
1343 187373 2285568
1344 187465 2293760
1345 187501 2301952
1346 186685 2293760
1347 186557 2285568
1348 187049 2293760
1349 186479 2285568
1350 186446 2277376
1351 186434 2269184
1352 183608 2260992
1353 185557 2269184
1354 182797 2260992
1355 180119 2252800
1356 181436 2260992
1357 181415 2252800
1358 182572 2260992
1359 182581 2269184
1360 182571 2260992
1361 180135 2252800
1362 179400 2244608
1363 179425 2252800
1364 179546 2260992
1365 179256 2252800
1366 179629 2260992
1367 179296 2252800
1368 179254 2244608
1369 179040 2236416
1370 179055 2244608
1371 179021 2236416
1372 178648 2228224
1373 178665 2236416
1374 177292 2228224
1375 178824 2236416
1376 178523 2228224
1377 180234 2236416
1378 177536 2228224
1379 177528 2220032
1380 178032 2228224
1381 178041 2236416
1382 178002 2228224
1383 178118 2236416
1384 178225 2244608
1385 176157 2236416
1386 176107 2228224
1387 177413 2236416
1388 176107 2228224
1389 176030 2220032
1390 176937 2228224
1391 175390 2220032
1392 174489 2211840
1393 171814 2203648
1394 171913 2211840
1395 171875 2203648
1396 171844 2195456
1397 171246 2187264
1398 171263 2195456
1399 169312 2187264
1400 169295 2179072
1401 168700 2170880
1402 168880 2179072
1403 168896 2187264
1404 168799 2179072
1405 168141 2170880
1406 169405 2179072
1407 169858 2187264
1408 169684 2179072
1409 169655 2170880
1410 169453 2162688
1411 170273 2170880
1412 173300 2179072
1413 174854 2187264
1414 173928 2179072
1415 174473 2187264
1416 174585 2195456
1417 174530 2187264
1418 174280 2179072
1419 174112 2170880
1420 174195 2179072
1421 174268 2187264
1422 171730 2179072
1423 171010 2170880
1424 170963 2162688
1425 170476 2154496
1426 170526 2162688
1427 170566 2170880
1428 170558 2162688
1429 170613 2170880
1430 170741 2179072
1431 170709 2170880
1432 170670 2162688
1433 168721 2154496
1434 171437 2162688
1435 169020 2154496
1436 168928 2146304
1437 167462 2138112
1438 167835 2146304
1439 167734 2138112
1440 167981 2146304
1441 167910 2138112
1442 167939 2146304
1443 167493 2138112
1444 164176 2129920
1445 164284 2138112
1446 164308 2146304
1447 165039 2154496
1448 161665 2146304
1449 161566 2138112
1450 161378 2129920
1451 163268 2138112
1452 162781 2129920
1453 162772 2121728
1454 162446 2113536
1455 162550 2121728
1456 162498 2113536
1457 162465 2105344
1458 162349 2097152
1459 162319 2088960
1460 165071 2097152
1461 165061 2088960
1462 165027 2080768
1463 165036 2088960
1464 164974 2080768
1465 164718 2072576
1466 163711 2064384
1467 163408 2056192
1468 163657 2064384
1469 163536 2056192
1470 163664 2064384
1471 166171 2072576
1472 166154 2064384
1473 164600 2056192
1474 164612 2064384
1475 165381 2072576
1476 164906 2064384
1477 164890 2056192
1478 164879 2048000
1479 164870 2039808
1480 165801 2048000
1481 165612 2039808
1482 165591 2031616
1483 162570 2023424
1484 162886 2031616
1485 162170 2023424
1486 162493 2031616
1487 160534 2023424
1488 160406 2015232
1489 162319 2023424
1490 162862 2031616
1491 160059 2023424
1492 159813 2015232
1493 159586 2007040
1494 161645 2015232
1495 158784 2007040
1496 159547 2015232
1497 156795 2007040
1498 156184 1998848
1499 155323 1990656
1500 155233 1982464
1501 155430 1990656
1502 152923 1982464
1503 152742 1974272
1504 152580 1966080
1505 153272 1974272
1506 152794 1966080
1507 152786 1957888
1508 152809 1966080
1509 151743 1957888
1510 151631 1949696
1511 151595 1941504
1512 151296 1933312
1513 151328 1941504
1514 151341 1949696
1515 151314 1941504
1516 151274 1933312
1517 151199 1925120
1518 147734 1916928
1519 148349 1925120
1520 148559 1933312
1521 147807 1925120
1522 147303 1916928
1523 147740 1925120
1524 147872 1933312
1525 146965 1925120
1526 144037 1916928
1527 144025 1908736
1528 143784 1900544
1529 143737 1892352
1530 144876 1900544
1531 145150 1908736
1532 145084 1900544
1533 144952 1892352
1534 145200 1900544
1535 143432 1892352
1536 140405 1884160
1537 139474 1875968
1538 138743 1867776
1539 138300 1859584
1540 138226 1851392
1541 138544 1859584
1542 138519 1851392
1543 138223 1843200
1544 135729 1835008
1545 133272 1826816
1546 133248 1818624
1547 133130 1810432
1548 133140 1818624
1549 132436 1810432
1550 132321 1802240
1551 131960 1794048
1552 130696 1785856
1553 131102 1794048
1554 132011 1802240
1555 132039 1810432
1556 132261 1818624
1557 132251 1810432
1558 132479 1818624
1559 132188 1810432
1560 132157 1802240
1561 131614 1794048
1562 131586 1785856
1563 130429 1777664
1564 130155 1769472
1565 129576 1761280
1566 129764 1769472
1567 129714 1761280
1568 129727 1769472
1569 130003 1777664
1570 129793 1769472
1571 129775 1761280
1572 129281 1753088
1573 130665 1761280
1574 131682 1769472
1575 130938 1761280
1576 130923 1753088
1577 129038 1744896
1578 129160 1753088
1579 129053 1744896
1580 129044 1736704
1581 129939 1744896
1582 130032 1753088
1583 129993 1744896
1584 129938 1736704
1585 130268 1744896
1586 130137 1736704
1587 129242 1728512
1588 129253 1736704
1589 128761 1728512
1590 128908 1736704
1591 128899 1728512
1592 130698 1736704
1593 130639 1728512
1594 130509 1720320
1595 133312 1728512
1596 133254 1720320
1597 129432 1712128
1598 129403 1703936
1599 127490 1695744
1600 128298 1703936
1601 124719 1695744
1602 123981 1687552
1603 121178 1679360
1604 121155 1671168
1605 121170 1679360
1606 121180 1687552
1607 121166 1679360
1608 121153 1671168
1609 121098 1662976
1610 120424 1654784
1611 120108 1646592
1612 118969 1638400
1613 118947 1630208
1614 116514 1622016
1615 116502 1613824
1616 116482 1605632
1617 116498 1613824
1618 113002 1605632
1619 112992 1597440
1620 113045 1605632
1621 112962 1597440
1622 113023 1605632
1623 112844 1597440
1624 112831 1589248
1625 113022 1597440
1626 115659 1605632
1627 115684 1613824
1628 115580 1605632
1629 115814 1613824
1630 115753 1605632
1631 114736 1597440
1632 113924 1589248
1633 113906 1581056
1634 113964 1589248
1635 113646 1581056
1636 113594 1572864
1637 115866 1581056
1638 118349 1589248
1639 118694 1597440
1640 118466 1589248
1641 118281 1581056
1642 118240 1572864
1643 118221 1564672
1644 118068 1556480
1645 117985 1548288
1646 117976 1540096
1647 119704 1548288
1648 119457 1540096
1649 119439 1531904
1650 118899 1523712
1651 118079 1515520
1652 118054 1507328
1653 118222 1515520
1654 118185 1507328
1655 116457 1499136
1656 116486 1507328
1657 115788 1499136
1658 115598 1490944
1659 114317 1482752
1660 110438 1474560
1661 110637 1482752
1662 109032 1474560
1663 108982 1466368
1664 108865 1458176
1665 108939 1466368
1666 110058 1474560
1667 110029 1466368
1668 109157 1458176
1669 106441 1449984
1670 106480 1458176
1671 106501 1466368
1672 106471 1458176
1673 106127 1449984
1674 105804 1441792
1675 105523 1433600
1676 105563 1441792
1677 105489 1433600
1678 105525 1441792
1679 105485 1433600
1680 107161 1441792
1681 107125 1433600
1682 106934 1425408
1683 105135 1417216
1684 105077 1409024
1685 105061 1400832
1686 104155 1392640
1687 105164 1400832
1688 105020 1392640
1689 105007 1384448
1690 107618 1392640
1691 107342 1384448
1692 108486 1392640
1693 108237 1384448
1694 105965 1376256
1695 105950 1368064
1696 105753 1359872
1697 105661 1351680
1698 105753 1359872
1699 105292 1351680
1700 105320 1359872
1701 105312 1351680
1702 105338 1359872
1703 105275 1351680
1704 105076 1343488
1705 105059 1335296
1706 104430 1327104
1707 104605 1335296
1708 101955 1327104
1709 101906 1318912
1710 101881 1310720
1711 101789 1302528
1712 103404 1310720
1713 102489 1302528
1714 102455 1294336
1715 102466 1302528
1716 102350 1294336
1717 102274 1286144
1718 102192 1277952
1719 102063 1269760
1720 102158 1277952
1721 102085 1269760
1722 102076 1261568
1723 99951 1253376
1724 100688 1261568
1725 100650 1253376
1726 99175 1245184
1727 99158 1236992
1728 99016 1228800
1729 98968 1220608
1730 99025 1228800
1731 99129 1236992
1732 99097 1228800
1733 98088 1220608
1734 98077 1212416
1735 97264 1204224
1736 101180 1212416
1737 101093 1204224
1738 101242 1212416
1739 101201 1204224
1740 101026 1196032
1741 100811 1187840
1742 100027 1179648
1743 99482 1171456
1744 100249 1179648
1745 100121 1171456
1746 100017 1163264
1747 100973 1171456
1748 100965 1163264
1749 100870 1155072
1750 100795 1146880
1751 100674 1138688
1752 100607 1130496
1753 100581 1122304
1754 101657 1130496
1755 101477 1122304
1756 99418 1114112
1757 98342 1105920
1758 96631 1097728
1759 96443 1089536
1760 96221 1081344
1761 96210 1073152
1762 96148 1064960
1763 96164 1073152
1764 96207 1081344
1765 96198 1073152
1766 95950 1064960
1767 94633 1056768
1768 94617 1048576
1769 95056 1056768
1770 98475 1064960
1771 98081 1056768
1772 94509 1048576
1773 92957 1040384
1774 92879 1032192
1775 93201 1040384
1776 93173 1032192
1777 95664 1040384
1778 95921 1048576
1779 95912 1040384
1780 93406 1032192
1781 93936 1040384
1782 95310 1048576
1783 95300 1040384
1784 95336 1048576
1785 95279 1040384
1786 95296 1048576
1787 94527 1040384
1788 93511 1032192
1789 93418 1024000
1790 96682 1032192
1791 96657 1024000
1792 97727 1032192
1793 98059 1040384
1794 98007 1032192
1795 96331 1024000
1796 96295 1015808
1797 96254 1007616
1798 96365 1015808
1799 96387 1024000
1800 97121 1032192
1801 96155 1024000
1802 96268 1032192
1803 92708 1024000
1804 88792 1015808
1805 88784 1007616
1806 87047 999424
1807 86313 991232
1808 84855 983040
1809 81183 974848
1810 81986 983040
1811 84553 991232
1812 83750 983040
1813 83711 974848
1814 82707 966656
1815 82377 958464
1816 79810 950272
1817 79488 942080
1818 79377 933888
1819 79524 942080
1820 79533 950272
1821 79094 942080
1822 78933 933888
1823 76512 925696
1824 76614 933888
1825 76595 925696
1826 76615 933888
1827 76600 925696
1828 76468 917504
1829 76481 925696
1830 73933 917504
1831 74034 925696
1832 76507 933888
1833 75092 925696
1834 72609 917504
1835 71664 909312
1836 71910 917504
1837 69911 909312
1838 67224 901120
1839 67075 892928
1840 66980 884736
1841 65365 876544
1842 63833 868352
1843 63665 860160
1844 63655 851968
1845 61018 843776
1846 62026 851968
1847 61982 843776
1848 62406 851968
1849 62415 860160
1850 59804 851968
1851 59792 843776
1852 59029 835584
1853 58570 827392
1854 59096 835584
1855 59105 843776
1856 58299 835584
1857 60408 843776
1858 60426 851968
1859 60404 843776
1860 61043 851968
1861 58551 843776
1862 55132 835584
1863 54584 827392
1864 56944 835584
1865 56953 843776
1866 56933 835584
1867 56850 827392
1868 56831 819200
1869 56778 811008
1870 56063 802816
1871 55817 794624
1872 54759 786432
1873 51032 778240
1874 51023 770048
1875 50286 761856
1876 54265 770048
1877 54256 761856
1878 54546 770048
1879 53598 761856
1880 52642 753664
1881 52236 745472
1882 51469 737280
1883 50984 729088
1884 51573 737280
1885 51518 729088
1886 51482 720896
1887 50790 712704
1888 50782 704512
1889 54410 712704
1890 54041 704512
1891 50777 696320
1892 50251 688128
1893 50046 679936
1894 50957 688128
1895 50835 679936
1896 50729 671744
1897 50719 663552
1898 49711 655360
1899 49274 647168
1900 49293 655360
1901 49274 647168
1902 49291 655360
1903 49482 663552
1904 49473 655360
1905 49433 647168
1906 48524 638976
1907 48423 630784
1908 48399 622592
1909 46509 614400
1910 45125 606208
1911 45012 598016
1912 44927 589824
1913 44474 581632
1914 44327 573440
1915 44292 565248
1916 42230 557056
1917 38602 548864
1918 38580 540672
1919 38389 532480
1920 36465 524288
1921 36444 516096
1922 35374 507904
1923 35361 499712
1924 35342 491520
1925 35108 483328
1926 34851 475136
1927 34321 466944
1928 34174 458752
1929 34211 466944
1930 33092 458752
1931 31718 450560
1932 31086 442368
1933 30329 434176
1934 29984 425984
1935 29973 417792
1936 29714 409600
1937 29693 401408
1938 29361 393216
1939 29253 385024
1940 29237 376832
1941 28429 368640
1942 28447 376832
1943 26087 368640
1944 23614 360448
1945 23423 352256
1946 23382 344064
1947 23353 335872
1948 19374 327680
1949 19358 319488
1950 19349 311296
1951 19964 319488
1952 20028 327680
1953 22854 335872
1954 22652 327680
1955 22063 319488
1956 22046 311296
1957 22078 319488
1958 22061 311296
1959 21989 303104
1960 19163 294912
1961 19144 286720
1962 18505 278528
1963 18487 270336
1964 18478 262144
1965 18356 253952
1966 18364 262144
1967 18346 253952
1968 18338 245760
1969 17194 237568
1970 17109 229376
1971 17100 221184
1972 17085 212992
1973 16174 204800
1974 16110 196608
1975 16049 188416
1976 14484 180224
1977 11993 172032
1978 15845 180224
1979 15542 172032
1980 15489 163840
1981 15452 155648
1982 15079 147456
1983 11227 139264
1984 9118 131072
1985 9060 122880
1986 7783 114688
1987 7740 106496
1988 7450 98304
1989 7418 90112
1990 6507 81920
1991 5739 73728
1992 5315 65536
1993 4700 57344
1994 4686 49152
1995 4667 40960
1996 4052 32768
1997 3950 24576
1998 1849 16384
1999 1241 8192
2000 0 0
